-10.0 0.05747126436781609
-9.99 0.05755723635476208
-9.98 0.057643399484898585
-9.97 0.05772975431948453
-9.96 0.057816301421818476
-9.95 0.0579030413572473
-9.94 0.05798997469317505
-9.93 0.05807710199907193
-9.92 0.05816442384648315
-9.91 0.0582519408090379
-9.9 0.05833965346245843
-9.89 0.05842756238456904
-9.88 0.05851566815530526
-9.87 0.05860397135672297
-9.86 0.058692472573007574
-9.85 0.058781172390483326
-9.84 0.05887007139762259
-9.83 0.05895917018505514
-9.82 0.05904846934557762
-9.81 0.059137969474162916
-9.8 0.05922767116796966
-9.79 0.05931757502635184
-9.78 0.05940768165086819
-9.77 0.05949799164529202
-9.76 0.05958850561562077
-9.75 0.05967922417008579
-9.74 0.05977014791916207
-9.73 0.05986127747557809
-9.72 0.0599526134543257
-9.71 0.060044156472669995
-9.7 0.060135907150159366
-9.69 0.06022786610863542
-9.68 0.060320033972243135
-9.67 0.06041241136744097
-9.66 0.06050499892301102
-9.65 0.06059779727006923
-9.64 0.06069080704207571
-9.63 0.06078402887484507
-9.62 0.06087746340655676
-9.61 0.06097111127776549
-9.6 0.06106497313141183
-9.59 0.06115904961283264
-9.58 0.061253341369771716
-9.57 0.06134784905239044
-9.56 0.06144257331327847
-9.55 0.06153751480746449
-9.54 0.06163267419242708
-9.53 0.06172805212810547
-9.52 0.06182364927691061
-9.51 0.061919466303736036
-9.5 0.06201550387596899
-9.49 0.06211176266350145
-9.48 0.062208243338741295
-9.47 0.06230494657662355
-9.46 0.062401873054621596
-9.45 0.06249902345275856
-9.44 0.06259639845361858
-9.43 0.06269399874235838
-9.42 0.06279182500671873
-9.41 0.0628898779370359
-9.4 0.06298815822625346
-9.39 0.06308666656993378
-9.38 0.06318540366626986
-9.37 0.06328437021609715
-9.36 0.0633835669229053
-9.35 0.06348299449285023
-9.34 0.06358265363476598
-9.33 0.06368254506017683
-9.32 0.06378266948330935
-9.31 0.06388302762110465
-9.3 0.06398362019323052
-9.29 0.06408444792209382
-9.28 0.06418551153285272
-9.27 0.06428681175342922
-9.26 0.06438834931452163
-9.25 0.06449012494961709
-9.24 0.06459213939500419
-9.23 0.06469439338978566
-9.22 0.06479688767589115
-9.21 0.06489962299808999
-9.2 0.06500260010400417
-9.19 0.06510581974412112
-9.18 0.0652092826718069
-9.17 0.06531298964331923
-9.16 0.06541694141782062
-9.15 0.0655211387573916
-9.14 0.06562558242704404
-9.13 0.06573027319473447
-9.12 0.0658352118313776
-9.11 0.06594039911085967
-9.1 0.06604583581005218
-9.09 0.06615152270882547
-9.08 0.06625746059006245
-9.07 0.06636365023967232
-9.06 0.06647009244660457
-9.05 0.06657678800286279
-9.04 0.06668373770351878
-9.03 0.06679094234672649
-9.02 0.06689840273373633
-9.01 0.06700611966890938
-9.0 0.06711409395973154
-8.99 0.06722232641682817
-8.98 0.06733081785397829
-8.97 0.06743956908812936
-8.96 0.06754858093941161
-8.95 0.06765785423115307
-8.94 0.067767389789894
-8.93 0.06787718844540197
-8.92 0.06798725103068673
-8.91 0.06809757838201515
-8.9 0.0682081713389264
-8.89 0.06831903074424701
-8.88 0.06843015744410623
-8.87 0.0685415522879513
-8.86 0.06865321612856276
-8.85 0.06876514982207019
-8.84 0.06887735422796752
-8.83 0.06898983020912887
-8.82 0.06910257863182423
-8.81 0.06921560036573524
-8.8 0.06932889628397115
-8.79 0.06944246726308487
-8.78 0.06955631418308891
-8.77 0.06967043792747168
-8.76 0.06978483938321368
-8.75 0.06989951944080385
-8.74 0.070014478994256
-8.73 0.0701297189411254
-8.72 0.07024524018252522
-8.71 0.07036104362314342
-8.7 0.07047713017125944
-8.69 0.070593500738761
-8.68 0.07071015624116124
-8.67 0.07082709759761568
-8.66 0.07094432573093938
-8.65 0.07106184156762423
-8.64 0.07117964603785618
-8.63 0.07129774007553281
-8.62 0.07141612461828083
-8.61 0.07153480060747354
-8.6 0.07165376898824878
-8.59 0.07177303070952665
-8.58 0.07189258672402737
-8.57 0.07201243798828934
-8.56 0.07213258546268725
-8.55 0.0722530301114503
-8.54 0.07237377290268045
-8.53 0.07249481480837083
-8.52 0.07261615680442436
-8.51 0.07273779987067219
-8.5 0.07285974499089254
-8.49 0.0729819931528294
-8.48 0.07310454534821156
-8.47 0.07322740257277156
-8.46 0.07335056582626479
-8.45 0.07347403611248875
-8.44 0.07359781443930243
-8.43 0.07372190181864559
-8.42 0.07384629926655854
-8.41 0.07397100780320162
-8.4 0.07409602845287493
-8.39 0.07422136224403836
-8.38 0.07434701020933145
-8.37 0.07447297338559351
-8.36 0.07459925281388381
-8.35 0.07472584953950195
-8.34 0.07485276461200818
-8.33 0.07497999908524401
-8.32 0.07510755401735285
-8.31 0.07523543047080074
-8.3 0.07536362951239732
-8.29 0.07549215221331668
-8.28 0.07562099964911857
-8.27 0.07575017289976964
-8.26 0.07587967304966477
-8.25 0.07600950118764846
-8.24 0.07613965840703651
-8.23 0.07627014580563772
-8.22 0.07640096448577566
-8.21 0.07653211555431062
-8.2 0.07666360012266177
-8.19 0.07679541930682919
-8.18 0.07692757422741639
-8.17 0.07706006600965254
-8.16 0.07719289578341526
-8.15 0.0773260646832531
-8.14 0.07745957384840851
-8.13 0.07759342442284069
-8.12 0.0777276175552488
-8.11 0.07786215439909494
-8.1 0.07799703611262773
-8.09 0.07813226385890563
-8.08 0.07826783880582062
-8.07 0.07840376212612185
-8.06 0.07854003499743958
-8.05 0.07867665860230914
-8.04 0.07881363412819511
-8.03 0.07895096276751548
-8.02 0.07908864571766619
-8.01 0.07922668418104564
-8.0 0.07936507936507936
-7.99 0.07950383248224481
-7.98 0.07964294475009635
-7.97 0.0797824173912905
-7.96 0.07992225163361082
-7.95 0.08006244870999381
-7.94 0.08020300985855396
-7.93 0.08034393632260983
-7.92 0.08048522935070956
-7.91 0.08062689019665704
-7.9 0.080768920119538
-7.89 0.0809113203837462
-7.88 0.08105409225900999
-7.87 0.08119723702041866
-7.86 0.08134075594844949
-7.85 0.08148465032899428
-7.84 0.08162892145338661
-7.83 0.08177357061842898
-7.82 0.08191859912642006
-7.81 0.0820640082851823
-7.8 0.08220979940808944
-7.79 0.08235597381409458
-7.78 0.0825025328277578
-7.77 0.08264947777927466
-7.76 0.08279681000450415
-7.75 0.08294453084499741
-7.74 0.08309264164802621
-7.73 0.0832411437666118
-7.72 0.08339003855955385
-7.71 0.08353932739145942
-7.7 0.08368901163277263
-7.69 0.08383909265980358
-7.68 0.08398957185475851
-7.67 0.08414045060576918
-7.66 0.08429173030692305
-7.65 0.08444341235829339
-7.64 0.08459549816596959
-7.63 0.08474798914208764
-7.62 0.08490088670486073
-7.61 0.08505419227861032
-7.6 0.08520790729379686
-7.59 0.08536203318705127
-7.58 0.08551657140120612
-7.57 0.08567152338532738
-7.56 0.08582689059474605
-7.55 0.08598267449109004
-7.54 0.0861388765423166
-7.53 0.0862954982227442
-7.52 0.08645254101308547
-7.51 0.08661000640047947
-7.5 0.08676789587852494
-7.49 0.08692621094731315
-7.48 0.08708495311346123
-7.47 0.0872441238901457
-7.46 0.08740372479713594
-7.45 0.08756375736082836
-7.44 0.08772422311428008
-7.43 0.08788512359724357
-7.42 0.08804646035620077
-7.41 0.08820823494439795
-7.4 0.08837044892188052
-7.39 0.08853310385552812
-7.38 0.08869620131908992
-7.37 0.08885974289321989
-7.36 0.08902373016551293
-7.35 0.08918816473054027
-7.34 0.08935304818988594
-7.33 0.08951838215218304
-7.32 0.08968416823315013
-7.31 0.08985040805562822
-7.3 0.09001710324961741
-7.29 0.09018425545231464
-7.28 0.09035186630815044
-7.27 0.0905199374688272
-7.26 0.09068847059335652
-7.25 0.09085746734809767
-7.24 0.0910269294067957
-7.23 0.09119685845062009
-7.22 0.09136725616820349
-7.21 0.09153812425568061
-7.2 0.09170946441672781
-7.19 0.09188127836260208
-7.18 0.09205356781218127
-7.17 0.09222633449200351
-7.16 0.09239958013630786
-7.15 0.09257330648707444
-7.14 0.09274751529406526
-7.13 0.09292220831486506
-7.12 0.09309738731492238
-7.11 0.09327305406759126
-7.1 0.09344921035417252
-7.09 0.09362585796395592
-7.08 0.09380299869426226
-7.07 0.09398063435048573
-7.06 0.09415876674613669
-7.05 0.09433739770288435
-7.04 0.09451652905060039
-7.03 0.09469616262740183
-7.02 0.09487630027969535
-7.01 0.09505694386222067
-7.0 0.09523809523809523
-6.99 0.09541975627885851
-6.98 0.09560192886451677
-6.97 0.09578461488358819
-6.96 0.09596781623314804
-6.95 0.09615153481887456
-6.94 0.0963357725550944
-6.93 0.09652053136482927
-6.92 0.09670581317984187
-6.91 0.09689161994068295
-6.9 0.09707795359673818
-6.89 0.09726481610627541
-6.88 0.09745220943649237
-6.87 0.09764013556356418
-6.86 0.09782859647269214
-6.85 0.0980175941581514
-6.84 0.0982071306233403
-6.83 0.09839720788082917
-6.82 0.09858782795240968
-6.81 0.09877899286914453
-6.8 0.09897070467141723
-6.79 0.0991629654089828
-6.78 0.09935577714101762
-6.77 0.09954914193617109
-6.76 0.09974306187261614
-6.75 0.09993753903810118
-6.74 0.10013257553000171
-6.73 0.10032817345537251
-6.72 0.10052433493100012
-6.71 0.10072106208345544
-6.7 0.10091835704914726
-6.69 0.10111622197437511
-6.68 0.10131465901538363
-6.67 0.10151367033841613
-6.66 0.10171325811976939
-6.65 0.1019134245458483
-6.64 0.10211417181322092
-6.63 0.10231550212867405
-6.62 0.10251741770926878
-6.61 0.1027199207823971
-6.6 0.1029230135858378
-6.59 0.10312669836781375
-6.58 0.10333097738704891
-6.57 0.10353585291282591
-6.56 0.103741327225044
-6.55 0.10394740261427717
-6.54 0.10415408138183305
-6.53 0.10436136583981154
-6.52 0.10456925831116466
-6.51 0.10477776112975573
-6.5 0.10498687664041995
-6.49 0.10519660719902461
-6.48 0.1054069551725301
-6.47 0.10561792293905109
-6.46 0.10582951288791806
-6.45 0.10604172741973969
-6.44 0.10625456894646468
-6.43 0.1064680398914452
-6.42 0.10668214268949949
-6.41 0.10689687978697589
-6.4 0.1071122536418166
-6.39 0.10732826672362218
-6.38 0.10754492151371631
-6.37 0.10776222050521081
-6.36 0.10798016620307184
-6.35 0.10819876112418512
-6.34 0.10841800779742314
-6.33 0.10863790876371146
-6.32 0.10885846657609641
-6.31 0.10907968379981263
-6.3 0.10930156301235107
-6.29 0.109524106803528
-6.28 0.10974731777555354
-6.27 0.10997119854310157
-6.26 0.11019575173337919
-6.25 0.11042097998619738
-6.24 0.11064688595404171
-6.23 0.1108734723021435
-6.22 0.11110074170855166
-6.21 0.11132869686420457
-6.2 0.11155734047300314
-6.19 0.1117866752518833
-6.18 0.11201670393089018
-6.17 0.11224742925325153
-6.16 0.11247885397545261
-6.15 0.11271098086731099
-6.14 0.112943812712052
-6.13 0.1131773523063847
-6.12 0.1134116024605781
-6.11 0.1136465659985385
-6.1 0.11388224575788636
-6.09 0.11411864459003447
-6.08 0.11435576536026641
-6.07 0.1145936109478152
-6.06 0.114832184245943
-6.05 0.11507148816202063
-6.04 0.11531152561760856
-6.03 0.11555229954853713
-6.02 0.11579381290498886
-6.01 0.11603606865157966
-6.0 0.11627906976744186
-5.99 0.11652281924630709
-5.98 0.11676732009658991
-5.97 0.11701257534147197
-5.96 0.11725858801898649
-5.95 0.11750536118210395
-5.94 0.11775289789881727
-5.93 0.11800120125222875
-5.92 0.11825027434063647
-5.91 0.11850012027762206
-5.9 0.11875074219213869
-5.89 0.11900214322859953
-5.88 0.11925432654696715
-5.87 0.11950729532284296
-5.86 0.11976105274755809
-5.85 0.12001560202826368
-5.84 0.12027094638802294
-5.83 0.120527089065903
-5.82 0.12078403331706775
-5.81 0.12104178241287114
-5.8 0.12130033964095098
-5.79 0.12155970830532398
-5.78 0.1218198917264802
-5.77 0.12208089324147968
-5.76 0.12234271620404807
-5.75 0.12260536398467432
-5.74 0.12286883997070806
-5.73 0.12313314756645803
-5.72 0.12339829019329111
-5.71 0.12366427128973174
-5.7 0.1239310943115628
-5.69 0.12419876273192564
-5.68 0.12446728004142271
-5.67 0.12473664974821909
-5.66 0.1250068753781458
-5.65 0.12527796047480347
-5.64 0.12554990859966653
-5.63 0.12582272333218836
-5.62 0.1260964082699068
-5.61 0.126370967028551
-5.6 0.12664640324214793
-5.59 0.12692272056313073
-5.58 0.12719992266244703
-5.57 0.1274780132296682
-5.56 0.12775699597309953
-5.55 0.12803687461989052
-5.54 0.128317652916147
-5.53 0.1285993346270426
-5.52 0.12888192353693242
-5.51 0.129165423449466
-5.5 0.12944983818770225
-5.49 0.1297351715942247
-5.48 0.13002142753125714
-5.47 0.1303086098807807
-5.46 0.130596722544651
-5.45 0.13088576944471714
-5.44 0.13117575452293997
-5.43 0.13146668174151285
-5.42 0.13175855508298154
-5.41 0.1320513785503664
-5.4 0.13234515616728426
-5.39 0.13263989197807194
-5.38 0.13293559004791
-5.37 0.13323225446294742
-5.36 0.13352988933042775
-5.35 0.13382849877881495
-5.34 0.13412808695792133
-5.33 0.1344286580390354
-5.32 0.13473021621505096
-5.31 0.1350327657005973
-5.3 0.13533631073216942
-5.29 0.13564085556826058
-5.28 0.13594640448949402
-5.27 0.1362529617987571
-5.26 0.13656053182133512
-5.25 0.13686911890504705
-5.24 0.13717872742038148
-5.23 0.13748936176063378
-5.22 0.13780102634204422
-5.21 0.13811372560393675
-5.2 0.13842746400885936
-5.19 0.13874224604272423
-5.18 0.13905807621495042
-5.17 0.13937495905860578
-5.16 0.13969289913055138
-5.15 0.14001190101158598
-5.14 0.14033196930659167
-5.13 0.14065310864468072
-5.12 0.14097532367934315
-5.11 0.14129861908859565
-5.1 0.141622999575131
-5.09 0.14194846986646908
-5.08 0.14227503471510847
-5.07 0.14260269889867933
-5.06 0.14293146722009734
-5.05 0.14326134450771819
-5.04 0.14359233561549423
-5.03 0.14392444542313063
-5.02 0.14425767883624446
-5.01 0.14459204078652285
-5.0 0.14492753623188406
-4.99 0.14526417015663834
-4.98 0.1456019475716507
-4.97 0.14594087351450433
-4.96 0.1462809530496653
-4.95 0.1466221912686485
-4.94 0.14696459329018452
-4.93 0.14730816426038784
-4.92 0.14765290935292588
-4.91 0.1479988337691899
-4.9 0.1483459427384661
-4.89 0.14869424151810876
-4.88 0.1490437353937139
-4.87 0.14939442967929495
-4.86 0.14974632971745863
-4.85 0.1500994408795827
-4.84 0.15045376856599504
-4.83 0.15080931820615334
-4.82 0.1511660952588266
-4.81 0.15152410521227774
-4.8 0.15188335358444713
-4.79 0.15224384592313817
-4.78 0.1526055878062031
-4.77 0.1529685848417311
-4.76 0.1533328426682368
-4.75 0.15369836695485112
-4.74 0.1540651634015123
-4.73 0.15443323773915915
-4.72 0.1548025957299252
-4.71 0.1551732431673342
-4.7 0.1555451858764971
-4.69 0.15591842971431066
-4.68 0.15629298056965665
-4.67 0.15666884436360332
-4.66 0.15704602704960768
-4.65 0.15742453461371952
-4.64 0.15780437307478665
-4.63 0.15818554848466154
-4.62 0.1585680669284097
-4.61 0.1589519345245191
-4.6 0.15933715742511154
-4.59 0.15972374181615479
-4.58 0.16011169391767696
-4.57 0.160501019983982
-4.56 0.16089172630386656
-4.55 0.16128381920083867
-4.54 0.16167730503333785
-4.53 0.16207219019495664
-4.52 0.16246848111466378
-4.51 0.16286618425702892
-4.5 0.16326530612244897
-4.49 0.163665853247376
-4.48 0.16406783220454663
-4.47 0.1644712496032131
-4.46 0.16487611208937603
-4.45 0.16528242634601875
-4.44 0.1656901990933432
-4.43 0.1660994370890077
-4.42 0.166510147128366
-4.41 0.16692233604470846
-4.4 0.16733601070950468
-4.39 0.16775117803264775
-4.38 0.16816784496270037
-4.37 0.16858601848714277
-4.36 0.16900570563262216
-4.35 0.16942691346520397
-4.34 0.16984964909062497
-4.33 0.17027391965454827
-4.32 0.17069973234281965
-4.31 0.17112709438172638
-4.3 0.171556013038257
-4.29 0.1719864956203639
-4.28 0.17241854947722696
-4.27 0.1728521819995195
-4.26 0.17328740061967574
-4.25 0.1737242128121607
-4.24 0.17416262609374128
-4.23 0.1746026480237599
-4.22 0.1750442862044097
-4.21 0.17548754828101173
-4.2 0.17593244194229415
-4.19 0.17637897492067353
-4.18 0.1768271549925379
-4.17 0.17727698997853178
-4.16 0.17772848774384348
-4.15 0.17818165619849435
-4.14 0.17863650329762987
-4.13 0.17909303704181284
-4.12 0.1795512654773191
-4.11 0.1800111966964345
-4.1 0.18047283883775492
-4.09 0.1809362000864875
-4.08 0.18140128867475475
-4.07 0.1818681128819003
-4.06 0.18233668103479714
-4.05 0.18280700150815776
-4.04 0.18327908272484678
-4.03 0.1837529331561955
-4.02 0.18422856132231893
-4.01 0.18470597579243483
-4.0 0.18518518518518517
-3.99 0.18566619816895993
-3.98 0.1861490234622229
-3.97 0.18663366983384003
-3.96 0.18712014610341007
-3.95 0.1876084611415975
-3.94 0.18809862387046777
-3.93 0.18859064326382513
-3.92 0.1890845283475525
-3.91 0.18958028819995412
-3.9 0.19007793195210035
-3.89 0.19057746878817503
-3.88 0.19107890794582533
-3.87 0.19158225871651383
-3.86 0.19208753044587362
-3.85 0.19259473253406523
-3.84 0.1931038744361367
-3.83 0.19361496566238584
-3.82 0.1941280157787251
-3.81 0.19464303440704916
-3.8 0.19516003122560502
-3.79 0.1956790159693645
-3.78 0.19619999843040006
-3.77 0.19672298845826228
-3.76 0.19724799596036108
-3.75 0.19777503090234858
-3.74 0.19830410330850565
-3.73 0.19883522326213043
-3.72 0.19936840090592997
-3.71 0.19990364644241476
-3.7 0.20044097013429546
-3.69 0.20098038230488324
-3.68 0.2015218933384923
-3.67 0.2020655136808456
-3.66 0.20261125383948325
-3.65 0.20315912438417388
-3.64 0.20370913594732895
-3.63 0.20426129922441985
-3.62 0.20481562497439804
-3.61 0.20537212402011829
-3.6 0.20593080724876445
-3.59 0.20649168561227882
-3.58 0.20705477012779422
-3.57 0.20762007187806888
-3.56 0.20818760201192496
-3.55 0.20875737174468975
-3.54 0.20932939235863987
-3.53 0.20990367520344916
-3.52 0.21048023169663907
-3.51 0.21105907332403268
-3.5 0.21164021164021163
-3.49 0.21222365826897652
-3.48 0.2128094249038101
-3.47 0.21339752330834444
-3.46 0.2139879653168306
-3.45 0.2145807628346119
-3.44 0.21517592783860087
-3.43 0.21577347237775896
-3.42 0.21637340857357995
-3.41 0.21697574862057667
-3.4 0.21758050478677107
-3.39 0.21818768941418784
-3.38 0.2187973149193513
-3.37 0.21940939379378588
-3.36 0.22002393860452021
-3.35 0.2206409619945943
-3.34 0.22126047668357096
-3.33 0.22188249546805003
-3.32 0.2225070312221866
-3.31 0.2231340968982129
-3.3 0.22376370552696354
-3.29 0.2243958702184045
-3.28 0.22503060416216608
-3.27 0.225667920628079
-3.26 0.22630783296671467
-3.25 0.22695035460992907
-3.24 0.22759549907141036
-3.23 0.22824327994723012
-3.22 0.22889371091639882
-3.21 0.22954680574142472
-3.2 0.23020257826887658
-3.19 0.23086104242995104
-3.18 0.2315222122410424
-3.17 0.2321861018043182
-3.16 0.232852725308297
-3.15 0.2335220970284313
-3.14 0.2341942313276939
-3.13 0.23486914265716854
-3.12 0.23554684555664432
-3.11 0.2362273546552144
-3.1 0.23691068467187873
-3.09 0.2375968504161509
-3.08 0.23828586678866903
-3.07 0.2389777487818109
-3.06 0.23967251148031327
-3.05 0.24037017006189532
-3.04 0.2410707397978863
-3.03 0.24177423605385767
-3.02 0.2424806742902591
-3.01 0.24319007006305918
-3.0 0.24390243902439024
-2.99 0.24461779692319732
-2.98 0.24533615960589197
-2.97 0.2460575430170099
-2.96 0.24678196319987364
-2.95 0.2475094362972588
-2.94 0.2482399785520659
-2.93 0.2489736063079953
-2.92 0.24971033601022816
-2.91 0.2504501842061105
-2.9 0.25119316754584275
-2.89 0.25193930278317345
-2.88 0.2526886067760977
-2.87 0.2534410964875598
-2.86 0.2541967889861616
-2.85 0.25495570144687363
-2.84 0.2557178511517532
-2.83 0.2564832554906653
-2.82 0.257251931962009
-2.81 0.2580238981734488
-2.8 0.2587991718426501
-2.79 0.25957777079801997
-2.78 0.2603597129794525
-2.77 0.26114501643907884
-2.76 0.26193369934202254
-2.75 0.2627257799671593
-2.74 0.2635212767078814
-2.73 0.26432020807286777
-2.72 0.26512259268685834
-2.71 0.2659284492914336
-2.7 0.26673779674579884
-2.69 0.26755065402757383
-2.68 0.26836704023358665
-2.67 0.26918697458067403
-2.66 0.27001047640648457
-2.65 0.2708375651702891
-2.64 0.27166826045379466
-2.63 0.2725025819619641
-2.62 0.27334054952384074
-2.61 0.2741821830933782
-2.6 0.27502750275027504
-2.59 0.2758765287008147
-2.58 0.27672928127871066
-2.57 0.2775857809459568
-2.56 0.2784460482936826
-2.55 0.2793101040430138
-2.54 0.28017796904593795
-2.53 0.28104966428617606
-2.52 0.28192521088005773
-2.51 0.2828046300774036
-2.5 0.28368794326241137
-2.49 0.2845751719545476
-2.48 0.2854663378094455
-2.47 0.28636146261980644
-2.46 0.28726056831630836
-2.45 0.28816367696851813
-2.44 0.28907081078581015
-2.43 0.2899819921182895
-2.42 0.29089724345772094
-2.41 0.2918165874384631
-2.4 0.2927400468384075
-2.39 0.293667644579923
-2.38 0.29459940373080684
-2.37 0.29553534750523835
-2.36 0.2964754992647408
-2.35 0.2974198825191465
-2.34 0.29836852092756805
-2.33 0.2993214382993753
-2.32 0.3002786585951763
-2.31 0.30124020592780476
-2.3 0.30220610456331215
-2.29 0.3031763789219655
-2.28 0.30415105357924965
-2.27 0.30513015326687604
-2.26 0.3061137028737955
-2.25 0.30710172744721687
-2.24 0.30809425219363107
-2.23 0.30909130247983946
-2.22 0.31009290383398863
-2.21 0.31109908194660923
-2.2 0.31210986267166035
-2.19 0.3131252720275801
-2.18 0.31414533619833884
-2.17 0.3151700815345001
-2.16 0.3161995345542851
-2.15 0.31723372194464267
-2.14 0.3182726705623241
-2.13 0.3193164074349632
-2.12 0.32036495976216106
-2.11 0.32141835491657594
-2.1 0.32247662044501774
-2.09 0.32353978406954814
-2.08 0.3246078736885842
-2.07 0.32568091737800803
-2.06 0.3267589433922806
-2.05 0.3278419801655602
-2.04 0.3289300563128256
-2.03 0.33002320063100443
-2.02 0.3311214421001047
-2.01 0.33222480988435255
-2.0 0.3333333333333333
-1.99 0.3344470419831372
-1.98 0.3355659655575093
-1.97 0.3366901339690043
-1.96 0.33781957732014484
-1.95 0.33895432590458435
-1.94 0.3400944102082739
-1.93 0.34123986091063274
-1.92 0.3423907088857237
-1.91 0.34354698520343135
-1.9 0.34470872113064455
-1.89 0.3458759481324429
-1.88 0.34704869787328557
-1.87 0.34822700221820596
-1.86 0.3494108932340074
-1.85 0.3506004031904637
-1.84 0.351795564561522
-1.83 0.35299641002651
-1.82 0.35420297247134497
-1.81 0.35541528498974617
-1.8 0.3566333808844508
-1.79 0.35785729366843094
-1.78 0.3590870570661151
-1.77 0.3603227050146111
-1.76 0.36156427166493116
-1.75 0.36281179138321995
-1.74 0.3640652987519841
-1.73 0.36532482857132414
-1.72 0.3665904158601678
-1.71 0.3678620958575049
-1.7 0.3691399040236249
-1.69 0.3704238760413542
-1.68 0.37171404781729517
-1.67 0.3730104554830672
-1.66 0.3743131353965473
-1.65 0.375622124143112
-1.64 0.3769374585368796
-1.63 0.37825917562195266
-1.62 0.3795873126736612
-1.61 0.38092190719980495
-1.6 0.3822629969418961
-1.59 0.3836106198764007
-1.58 0.3849648142159806
-1.57 0.38632561841073365
-1.56 0.38769307114943236
-1.55 0.3890672113607626
-1.54 0.390448078214559
-1.53 0.39183571112304033
-1.52 0.39323014974204107
-1.51 0.39463143397224165
-1.5 0.39603960396039606
-1.49 0.397454700100556
-1.48 0.39887676303529257
-1.47 0.4003058336569139
-1.46 0.4017419531086792
-1.45 0.40318516278600947
-1.44 0.4046355043376927
-1.43 0.406093019667085
-1.42 0.40755775093330726
-1.41 0.4090297405524356
-1.4 0.4105090311986863
-1.39 0.41199566580559577
-1.38 0.41348968756719207
-1.37 0.41499113993916226
-1.36 0.4165000666400106
-1.35 0.4180165116522103
-1.34 0.4195405192233466
-1.33 0.42107213386725284
-1.32 0.4226114003651362
-1.31 0.42415836376669586
-1.3 0.4257130693912303
-1.29 0.42727556282873513
-1.28 0.4288458899409908
-1.27 0.4304240968626388
-1.26 0.43201023000224653
-1.25 0.43360433604336046
-1.24 0.4352064619455469
-1.23 0.43681665494541966
-1.22 0.43843496255765424
-1.21 0.4400614325759876
-1.2 0.4416961130742049
-1.19 0.44333905240710947
-1.18 0.44499029921147726
-1.17 0.4466499024069963
-1.16 0.4483179111971881
-1.15 0.44999437507031154
-1.14 0.4516793438002494
-1.13 0.45337286744737476
-1.12 0.4550749963594
-1.11 0.4567857811722036
-1.1 0.45850527281063735
-1.09 0.4602335224893111
-1.08 0.4619705817133565
-1.07 0.46371650227916655
-1.06 0.4654713362751121
-1.05 0.4672351360822334
-1.04 0.4690079543749062
-1.03 0.47078984412148256
-1.02 0.47258085858490395
-1.01 0.474381051323286
-1.0 0.47619047619047616
-0.99 0.4780091873365806
-0.98 0.47983723920846044
-0.97 0.48167468655019774
-0.96 0.48352158440352777
-0.95 0.4853779881082393
-0.94 0.48724395330253945
-0.93 0.4891195359233843
-0.92 0.49100479220677196
-0.91 0.4928997786879994
-0.9 0.49480455220188024
-0.89 0.49671916988292325
-0.88 0.4986436891654699
-0.87 0.5005781677837903
-0.86 0.5025226637721362
-0.85 0.5044772354647497
-0.84 0.5064419414958269
-0.83 0.5084168407994346
-0.82 0.5104019926093792
-0.81 0.5123974564590261
-0.8 0.5144032921810701
-0.79 0.5164195599072511
-0.78 0.51844632006802
-0.77 0.5204836333921481
-0.76 0.5225315609062787
-0.75 0.5245901639344263
-0.74 0.5266595040974109
-0.73 0.5287396433122367
-0.72 0.5308306437914048
-0.71 0.5329325680421656
-0.7 0.5350454788657035
-0.69 0.5371694393562562
-0.68 0.5393045129001639
-0.67 0.5414507631748507
-0.66 0.543608254147731
-0.65 0.5457770500750444
-0.64 0.5479572155006137
-0.63 0.5501488152545263
-0.62 0.5523519144517356
-0.61 0.5545665784905807
-0.6 0.5567928730512249
-0.59 0.5590308640940066
-0.58 0.5612806178577041
-0.57 0.5635422008577112
-0.56 0.565815679884121
-0.55 0.568101121999716
-0.54 0.570398594537863
-0.53 0.5727081651003098
-0.52 0.5750299015548809
-0.51 0.5773638720330715
-0.5 0.5797101449275363
-0.49 0.5820687888894709
-0.48 0.5844398728258837
-0.47 0.5868234658967543
-0.46 0.589219637512079
-0.45 0.5916284573287974
-0.44 0.5940499952476002
-0.43 0.5964843214096117
-0.42 0.5989315061929519
-0.41 0.6013916202091639
-0.4 0.6038647342995169
-0.39 0.6063509195311695
-0.38 0.6088502471932005
-0.37 0.6113627887924973
-0.36 0.613888616049504
-0.35 0.6164278008938203
-0.34 0.6189804154596549
-0.33 0.6215465320811242
-0.32 0.6241262232873978
-0.31 0.6267195617976824
-0.3 0.6293266205160479
-0.29 0.6319474725260836
-0.28 0.6345821910853893
-0.27 0.6372308496198918
-0.26 0.6398935217179862
-0.25 0.642570281124498
-0.24 0.645261201734462
-0.23 0.6479663575867141
-0.22 0.6506858228572915
-0.21 0.6534196718526408
-0.2 0.6561679790026246
-0.19 0.6589308188533286
-0.18 0.6617082660596596
-0.17 0.6645003953777353
-0.16 0.6673072816570573
-0.15 0.6701289998324678
-0.14 0.6729656249158793
-0.13 0.6758172319877813
-0.12 0.6786838961885112
-0.11 0.6815656927092919
-0.1 0.6844626967830253
-0.09 0.6873749836748442
-0.08 0.69030262867241
-0.07 0.693245707075959
-0.06 0.6962042941880866
-0.05 0.6991784653032688
-0.04 0.7021682956971127
-0.03 0.7051738606153347
-0.02 0.7081952352624572
-0.01 0.7112324947902221
0.0 0.7142857142857143
0.01 0.717354968759191
0.02 0.72044033313161
0.03 0.7235418822218523
0.04 0.7266596907336357
0.05 0.7297938332421091
0.06 0.7329443841801284
0.07 0.7361114178242019
0.08 0.7392950082801042
0.09 0.7424952294681506
0.1 0.7457121551081283
0.11 0.7489458587038743
0.12 0.7521964135275003
0.13 0.755463892603253
0.14 0.7587483686910074
0.15 0.7620499142693846
0.16 0.7653686015184913
0.17 0.7687045023022699
0.18 0.7720576881504586
0.19 0.7754282302401501
0.2 0.778816199376947
0.21 0.7822216659757042
0.22 0.7856447000408536
0.23 0.7890853711463043
0.24 0.7925437484149125
0.25 0.7960199004975125
0.26 0.7995138955515046
0.27 0.8030258012189931
0.28 0.8065556846044651
0.29 0.810103612252007
0.3 0.8136696501220504
0.31 0.81725386356764
0.32 0.8208563173102179
0.33 0.8244770754149181
0.34 0.8281162012653615
0.35 0.8317737575379496
0.36 0.835449806175645
0.37 0.839144408361235
0.38 0.8428576244900712
0.39 0.8465895141422779
0.4 0.8503401360544216
0.41 0.8541095480906382
0.42 0.8578978072132046
0.43 0.8617049694525589
0.44 0.8655310898767484
0.45 0.869376222560313
0.46 0.8732404205525867
0.47 0.8771237358454157
0.48 0.8810262193402876
0.49 0.8849479208148602
0.5 0.8888888888888888
0.51 0.8928491709895446
0.52 0.8968288133161141
0.53 0.900827860804079
0.54 0.9048463570885663
0.55 0.9088843444671665
0.56 0.9129418638621093
0.57 0.9170189547817952
0.58 0.9211156552816772
0.59 0.9252320019244826
0.6 0.929368029739777
0.61 0.9335237721828586
0.62 0.9376992610929822
0.63 0.9418945266509056
0.64 0.9461095973357554
0.65 0.9503444998812068
0.66 0.9545992592309749
0.67 0.958873898493609
0.68 0.9631684388965942
0.69 0.9674828997397471
0.7 0.9718172983479106
0.71 0.97617165002294
0.72 0.9805459679949795
0.73 0.9849402633730265
0.74 0.9893545450947804
0.75 0.9937888198757764
0.76 0.9982430921578022
0.77 1.0027173640565934
0.78 1.0072116353088112
0.79 1.0117259032183001
0.8 1.016260162601626
0.81 1.0208144057328938
0.82 1.025388622287847
0.83 1.029982799287252
0.84 1.034596921039563
0.85 1.0392309690828787
0.86 1.043884922126185
0.87 1.048558755989892
0.88 1.053252443545669
0.89 1.0579659546555793
0.9 1.0626992561105206
0.91 1.0674523115679808
0.92 1.0722250814891063
0.93 1.0770175230751005
0.94 1.081829590202951
0.95 1.0866612333604997
0.96 1.0915123995808593
0.97 1.096383032376191
0.98 1.1012730716708514
0.99 1.106182453733919
1.0 1.1111111111111112
1.01 1.1160589725561099
1.02 1.1210259629613022
1.03 1.126012003287955
1.04 1.131017010495838
1.05 1.136040897472309
1.06 1.1410835729608837
1.07 1.1461449414893008
1.08 1.1512249032971082
1.09 1.1563233542627862
1.1 1.1614401858304297
1.11 1.1665752849360136
1.12 1.1717285339332584
1.13 1.1768998105191304
1.14 1.182088987658991
1.15 1.1872959335114277
1.16 1.1925205113527952
1.17 1.1977625795014912
1.18 1.203021991242
1.19 1.2082985947487344
1.2 1.2135922330097086
1.21 1.2189027437500761
1.22 1.2242299593555652
1.23 1.2295737067958539
1.24 1.2349338075479155
1.25 1.2403100775193798
1.26 1.245702326971947
1.27 1.2511103604448948
1.28 1.2565339766787296
1.29 1.261972968539014
1.3 1.267427122940431
1.31 1.2728962207711205
1.32 1.278380036817345
1.33 1.2838783396885312
1.34 1.2893908917427408
1.35 1.2949174490126254
1.36 1.3004577611319186
1.37 1.3060115712625213
1.38 1.3115786160222442
1.39 1.3171586254132586
1.4 1.3227513227513226
1.41 1.3283564245958475
1.42 1.33397364068086
1.43 1.3396026738469369
1.44 1.3452432199741713
1.45 1.3508949679162445
1.46 1.356557599435672
1.47 1.3622307891402963
1.48 1.3679142044210988
1.49 1.3736075053914094
1.5 1.3793103448275863
1.51 1.385022368111245
1.52 1.3907432131731197
1.53 1.396472510438632
1.54 1.4022098827752538
1.55 1.407954945441746
1.56 1.4137073060393577
1.57 1.419466564465074
1.58 1.4252323128669973
1.59 1.431004135601952
1.6 1.4367816091954022
1.61 1.442564302303775
1.62 1.448351775679277
1.63 1.4541435821373003
1.64 1.4599392665265123
1.65 1.4657383657017222
1.66 1.4715404084996173
1.67 1.4773449157174725
1.68 1.4831514000949217
1.69 1.4889593662988938
1.7 1.4947683109118086
1.71 1.500577722423133
1.72 1.5063870812243914
1.73 1.5121958596077365
1.74 1.5180035217681704
1.75 1.5238095238095237
1.76 1.5296133137542829
1.77 1.5354143315573707
1.78 1.541212009123975
1.79 1.5470057703315232
1.8 1.5527950310559007
1.81 1.5585791992020075
1.82 1.5643576747387522
1.83 1.5701298497385734
1.84 1.5758951084215835
1.85 1.5816528272044288
1.86 1.5874023747539527
1.87 1.593143112045755
1.88 1.5988743924277309
1.89 1.6045955616886765
1.9 1.6103059581320451
1.91 1.6160049126549343
1.92 1.6216917488323819
1.93 1.6273657830070465
1.94 1.6330263243843492
1.95 1.6386726751331422
1.96 1.6443041304919759
1.97 1.6499199788810242
1.98 1.6555195020197337
1.99 1.6611019750502483
2.0 1.6666666666666667
2.01 1.6722128392501796
2.02 1.6777397490101336
2.03 1.6832466461310576
2.04 1.6887327749256957
2.05 1.6941973739940703
2.06 1.6996396763886057
2.07 1.705058909785333
2.08 1.7104542966611933
2.09 1.7158250544774454
2.1 1.721170395869191
2.11 1.7264895288410074
2.12 1.7317816569686895
2.13 1.7370459796070803
2.14 1.7422816921039797
2.15 1.747487986020096
2.16 1.7526640493550198
2.17 1.7578090667791664
2.18 1.7629222198716594
2.19 1.7680026873640846
2.2 1.773049645390071
2.21 1.7780622677406162
2.22 1.783039726125098
2.23 1.7879811904378766
2.24 1.7928858290304075
2.25 1.797752808988764
2.26 1.8025812964164682
2.27 1.8073704567225146
2.28 1.8121194549144677
2.29 1.8168274558965134
2.3 1.8214936247723132
2.31 1.8261171271525356
2.32 1.8306971294669008
2.33 1.8352327992805888
2.34 1.8397233056148354
2.35 1.8441678192715538
2.36 1.8485655131617864
2.37 1.8529155626378107
2.38 1.8572171458286901
2.39 1.861469443979077
2.4 1.8656716417910446
2.41 1.8698229277687404
2.42 1.8739224945656248
2.43 1.877969539334072
2.44 1.8819632640770851
2.45 1.8859028760018859
2.46 1.889787587875123
2.47 1.893616618379443
2.48 1.8973891924711594
2.49 1.9011045417387504
2.5 1.9047619047619047
2.51 1.9083605274708497
2.52 1.911899663505659
2.53 1.9153785745752647
2.54 1.9187965308158723
2.55 1.922152811148486
2.56 1.9254467036352434
2.57 1.9286775058342496
2.58 1.9318445251526157
2.59 1.934947079197384
2.6 1.937984496124031
2.61 1.9409561149822403
2.62 1.9438612860586268
2.63 1.9466993712161031
2.64 1.9494697442295696
2.65 1.9521717911176182
2.66 1.9548049104699352
2.67 1.9573685137700874
2.68 1.9598620257133896
2.69 1.9622848845195346
2.7 1.9646365422396856
2.71 1.9669164650577289
2.72 1.969124133585381
2.73 1.9712590431508605
2.74 1.9733207040808274
2.75 1.9753086419753085
2.76 1.9772223979753243
2.77 1.9790615290229372
2.78 1.9808256081134616
2.79 1.982514224539561
2.8 1.9841269841269842
2.81 1.9856635094616866
2.82 1.9871234401080995
2.83 1.9885064328183102
2.84 1.9898121617319326
2.85 1.991040318566451
2.86 1.9921906127978326
2.87 1.9932627718312106
2.88 1.994256541161455
2.89 1.995171684523453
2.9 1.9960079840319362
2.91 1.9967652403106968
2.92 1.9974432726110578
2.93 1.998041918919459
2.94 1.9985610360540413
2.95 1.9990004997501247
2.96 1.999360204734485
2.97 1.9996400647883383
2.98 1.9998400127989762
2.99 1.999960000799984
3.0 2.0
3.01 1.999960000799984
3.02 1.9998400127989762
3.03 1.9996400647883383
3.04 1.999360204734485
3.05 1.9990004997501247
3.06 1.9985610360540413
3.07 1.998041918919459
3.08 1.9974432726110578
3.09 1.9967652403106968
3.1 1.9960079840319362
3.11 1.995171684523453
3.12 1.994256541161455
3.13 1.9932627718312106
3.14 1.9921906127978326
3.15 1.991040318566451
3.16 1.9898121617319326
3.17 1.9885064328183102
3.18 1.9871234401080995
3.19 1.9856635094616866
3.2 1.9841269841269842
3.21 1.982514224539561
3.22 1.9808256081134616
3.23 1.9790615290229372
3.24 1.9772223979753243
3.25 1.9753086419753085
3.26 1.9733207040808274
3.27 1.9712590431508605
3.28 1.969124133585381
3.29 1.9669164650577289
3.3 1.9646365422396856
3.31 1.9622848845195346
3.32 1.9598620257133896
3.33 1.9573685137700874
3.34 1.9548049104699352
3.35 1.9521717911176182
3.36 1.9494697442295696
3.37 1.9466993712161031
3.38 1.9438612860586268
3.39 1.9409561149822403
3.4 1.937984496124031
3.41 1.934947079197384
3.42 1.9318445251526157
3.43 1.9286775058342496
3.44 1.9254467036352434
3.45 1.922152811148486
3.46 1.9187965308158723
3.47 1.9153785745752647
3.48 1.911899663505659
3.49 1.9083605274708497
3.5 1.9047619047619047
3.51 1.9011045417387504
3.52 1.8973891924711594
3.53 1.893616618379443
3.54 1.889787587875123
3.55 1.8859028760018859
3.56 1.8819632640770851
3.57 1.877969539334072
3.58 1.8739224945656248
3.59 1.8698229277687404
3.6 1.8656716417910446
3.61 1.861469443979077
3.62 1.8572171458286901
3.63 1.8529155626378107
3.64 1.8485655131617864
3.65 1.8441678192715538
3.66 1.8397233056148354
3.67 1.8352327992805888
3.68 1.8306971294669008
3.69 1.8261171271525356
3.7 1.8214936247723132
3.71 1.8168274558965134
3.72 1.8121194549144677
3.73 1.8073704567225146
3.74 1.8025812964164682
3.75 1.797752808988764
3.76 1.7928858290304075
3.77 1.7879811904378766
3.78 1.783039726125098
3.79 1.7780622677406162
3.8 1.773049645390071
3.81 1.7680026873640846
3.82 1.7629222198716594
3.83 1.7578090667791664
3.84 1.7526640493550198
3.85 1.747487986020096
3.86 1.7422816921039797
3.87 1.7370459796070803
3.88 1.7317816569686895
3.89 1.7264895288410074
3.9 1.721170395869191
3.91 1.7158250544774454
3.92 1.7104542966611933
3.93 1.705058909785333
3.94 1.6996396763886057
3.95 1.6941973739940703
3.96 1.6887327749256957
3.97 1.6832466461310576
3.98 1.6777397490101336
3.99 1.6722128392501796
4.0 1.6666666666666667
4.01 1.6611019750502485
4.02 1.655519502019734
4.03 1.6499199788810242
4.04 1.6443041304919759
4.05 1.6386726751331424
4.06 1.6330263243843492
4.07 1.6273657830070463
4.08 1.6216917488323819
4.09 1.6160049126549345
4.1 1.6103059581320454
4.11 1.6045955616886762
4.12 1.5988743924277309
4.13 1.593143112045755
4.14 1.587402374753953
4.15 1.5816528272044286
4.16 1.5758951084215835
4.17 1.5701298497385734
4.18 1.5643576747387524
4.19 1.5585791992020073
4.2 1.5527950310559004
4.21 1.5470057703315232
4.22 1.5412120091239752
4.23 1.5354143315573705
4.24 1.5296133137542829
4.25 1.5238095238095237
4.26 1.5180035217681707
4.27 1.5121958596077367
4.28 1.5063870812243914
4.29 1.500577722423133
4.3 1.4947683109118088
4.31 1.4889593662988938
4.32 1.4831514000949215
4.33 1.4773449157174725
4.34 1.4715404084996175
4.35 1.4657383657017224
4.36 1.4599392665265123
4.37 1.4541435821373003
4.38 1.448351775679277
4.39 1.4425643023037753
4.4 1.4367816091954022
4.41 1.4310041356019518
4.42 1.4252323128669973
4.43 1.4194665644650741
4.44 1.4137073060393575
4.45 1.4079549454417457
4.46 1.4022098827752538
4.47 1.396472510438632
4.48 1.3907432131731194
4.49 1.385022368111245
4.5 1.3793103448275863
4.51 1.3736075053914096
4.52 1.367914204421099
4.53 1.3622307891402958
4.54 1.356557599435672
4.55 1.3508949679162445
4.56 1.3452432199741715
4.57 1.3396026738469369
4.58 1.33397364068086
4.59 1.3283564245958477
4.6 1.322751322751323
4.61 1.3171586254132583
4.62 1.3115786160222442
4.63 1.3060115712625213
4.64 1.3004577611319186
4.65 1.2949174490126252
4.66 1.2893908917427406
4.67 1.2838783396885312
4.68 1.2783800368173452
4.69 1.2728962207711203
4.7 1.2674271229404308
4.71 1.261972968539014
4.72 1.2565339766787296
4.73 1.2511103604448945
4.74 1.2457023269719465
4.75 1.2403100775193798
4.76 1.2349338075479155
4.77 1.2295737067958539
4.78 1.224229959355565
4.79 1.2189027437500761
4.8 1.2135922330097089
4.81 1.2082985947487344
4.82 1.203021991242
4.83 1.1977625795014912
4.84 1.1925205113527952
4.85 1.1872959335114277
4.86 1.1820889876589906
4.87 1.1768998105191304
4.88 1.1717285339332584
4.89 1.1665752849360136
4.9 1.1614401858304295
4.91 1.1563233542627862
4.92 1.1512249032971082
4.93 1.146144941489301
4.94 1.1410835729608835
4.95 1.136040897472309
4.96 1.131017010495838
4.97 1.1260120032879553
4.98 1.1210259629613022
4.99 1.1160589725561099
5.0 1.1111111111111112
5.01 1.106182453733919
5.02 1.1012730716708519
5.03 1.096383032376191
5.04 1.0915123995808593
5.05 1.0866612333604997
5.06 1.0818295902029516
5.07 1.0770175230751005
5.08 1.0722250814891063
5.09 1.0674523115679808
5.1 1.0626992561105209
5.11 1.057965954655579
5.12 1.053252443545669
5.13 1.048558755989892
5.14 1.043884922126185
5.15 1.0392309690828785
5.16 1.034596921039563
5.17 1.029982799287252
5.18 1.0253886222878472
5.19 1.0208144057328934
5.2 1.016260162601626
5.21 1.0117259032183001
5.22 1.0072116353088112
5.23 1.0027173640565932
5.24 0.9982430921578022
5.25 0.9937888198757764
5.26 0.9893545450947804
5.27 0.9849402633730265
5.28 0.9805459679949795
5.29 0.97617165002294
5.3 0.9718172983479106
5.31 0.9674828997397472
5.32 0.9631684388965942
5.33 0.958873898493609
5.34 0.9545992592309749
5.35 0.9503444998812072
5.36 0.9461095973357553
5.37 0.9418945266509056
5.38 0.9376992610929822
5.39 0.9335237721828586
5.4 0.9293680297397768
5.41 0.9252320019244826
5.42 0.9211156552816772
5.43 0.9170189547817955
5.44 0.9129418638621092
5.45 0.9088843444671665
5.46 0.9048463570885663
5.47 0.900827860804079
5.48 0.8968288133161141
5.49 0.8928491709895446
5.5 0.8888888888888888
5.51 0.8849479208148602
5.52 0.8810262193402878
5.53 0.8771237358454157
5.54 0.8732404205525867
5.55 0.869376222560313
5.56 0.8655310898767485
5.57 0.8617049694525588
5.58 0.8578978072132046
5.59 0.8541095480906382
5.6 0.8503401360544219
5.61 0.8465895141422778
5.62 0.8428576244900712
5.63 0.839144408361235
5.64 0.8354498061756451
5.65 0.8317737575379496
5.66 0.8281162012653615
5.67 0.8244770754149181
5.68 0.8208563173102181
5.69 0.8172538635676398
5.7 0.8136696501220504
5.71 0.810103612252007
5.72 0.8065556846044651
5.73 0.8030258012189929
5.74 0.7995138955515046
5.75 0.7960199004975125
5.76 0.7925437484149125
5.77 0.7890853711463044
5.78 0.7856447000408535
5.79 0.7822216659757042
5.8 0.778816199376947
5.81 0.7754282302401503
5.82 0.7720576881504586
5.83 0.7687045023022699
5.84 0.7653686015184913
5.85 0.7620499142693847
5.86 0.7587483686910071
5.87 0.755463892603253
5.88 0.7521964135275003
5.89 0.7489458587038744
5.9 0.7457121551081282
5.91 0.7424952294681506
5.92 0.7392950082801042
5.93 0.736111417824202
5.94 0.7329443841801283
5.95 0.7297938332421091
5.96 0.7266596907336357
5.97 0.7235418822218526
5.98 0.7204403331316098
5.99 0.717354968759191
6.0 0.7142857142857143
6.01 0.7112324947902221
6.02 0.7081952352624572
6.03 0.7051738606153346
6.04 0.7021682956971127
6.05 0.6991784653032688
6.06 0.6962042941880866
6.07 0.6932457070759589
6.08 0.69030262867241
6.09 0.6873749836748442
6.1 0.6844626967830254
6.11 0.6815656927092917
6.12 0.6786838961885112
6.13 0.6758172319877813
6.14 0.6729656249158794
6.15 0.6701289998324677
6.16 0.6673072816570573
6.17 0.6645003953777353
6.18 0.6617082660596597
6.19 0.6589308188533285
6.2 0.6561679790026246
6.21 0.6534196718526408
6.22 0.6506858228572917
6.23 0.647966357586714
6.24 0.645261201734462
6.25 0.642570281124498
6.26 0.6398935217179862
6.27 0.6372308496198918
6.28 0.6345821910853893
6.29 0.6319474725260836
6.3 0.6293266205160479
6.31 0.6267195617976825
6.32 0.6241262232873976
6.33 0.6215465320811242
6.34 0.6189804154596549
6.35 0.6164278008938204
6.36 0.613888616049504
6.37 0.6113627887924973
6.38 0.6088502471932005
6.39 0.6063509195311696
6.4 0.6038647342995168
6.41 0.6013916202091639
6.42 0.5989315061929519
6.43 0.5964843214096118
6.44 0.5940499952475999
6.45 0.5916284573287974
6.46 0.589219637512079
6.47 0.5868234658967543
6.48 0.5844398728258835
6.49 0.5820687888894709
6.5 0.5797101449275363
6.51 0.5773638720330715
6.52 0.5750299015548809
6.53 0.5727081651003098
6.54 0.570398594537863
6.55 0.568101121999716
6.56 0.5658156798841211
6.57 0.5635422008577112
6.58 0.5612806178577041
6.59 0.5590308640940066
6.6 0.556792873051225
6.61 0.5545665784905807
6.62 0.5523519144517356
6.63 0.5501488152545263
6.64 0.5479572155006138
6.65 0.5457770500750442
6.66 0.543608254147731
6.67 0.5414507631748507
6.68 0.539304512900164
6.69 0.537169439356256
6.7 0.5350454788657035
6.71 0.5329325680421656
6.72 0.5308306437914048
6.73 0.5287396433122366
6.74 0.5266595040974109
6.75 0.5245901639344263
6.76 0.5225315609062787
6.77 0.5204836333921481
6.78 0.51844632006802
6.79 0.5164195599072511
6.8 0.5144032921810701
6.81 0.5123974564590262
6.82 0.5104019926093791
6.83 0.5084168407994346
6.84 0.5064419414958269
6.85 0.5044772354647497
6.86 0.5025226637721361
6.87 0.5005781677837903
6.88 0.4986436891654699
6.89 0.49671916988292336
6.9 0.49480455220188024
6.91 0.4928997786879994
6.92 0.49100479220677196
6.93 0.48911953592338436
6.94 0.48724395330253945
6.95 0.4853779881082393
6.96 0.48352158440352777
6.97 0.48167468655019774
6.98 0.47983723920846044
6.99 0.4780091873365806
7.0 0.47619047619047616
7.01 0.474381051323286
7.02 0.47258085858490395
7.03 0.47078984412148256
7.04 0.4690079543749062
7.05 0.4672351360822334
7.06 0.4654713362751123
7.07 0.46371650227916655
7.08 0.4619705817133565
7.09 0.4602335224893111
7.1 0.45850527281063735
7.11 0.4567857811722036
7.12 0.4550749963594
7.13 0.45337286744737476
7.14 0.4516793438002494
7.15 0.44999437507031154
7.16 0.4483179111971881
7.17 0.4466499024069963
7.18 0.44499029921147726
7.19 0.4433390524071093
7.2 0.4416961130742049
7.21 0.4400614325759876
7.22 0.43843496255765424
7.23 0.43681665494541966
7.24 0.4352064619455469
7.25 0.43360433604336046
7.26 0.43201023000224653
7.27 0.4304240968626388
7.28 0.4288458899409908
7.29 0.42727556282873513
7.3 0.4257130693912303
7.31 0.42415836376669597
7.32 0.4226114003651362
7.33 0.42107213386725284
7.34 0.4195405192233466
7.35 0.4180165116522103
7.36 0.4165000666400106
7.37 0.41499113993916226
7.38 0.41348968756719207
7.39 0.41199566580559577
7.4 0.4105090311986863
7.41 0.4090297405524356
7.42 0.40755775093330726
7.43 0.406093019667085
7.44 0.4046355043376926
7.45 0.40318516278600947
7.46 0.4017419531086792
7.47 0.4003058336569139
7.48 0.39887676303529257
7.49 0.397454700100556
7.5 0.39603960396039606
7.51 0.39463143397224165
7.52 0.39323014974204107
7.53 0.39183571112304033
7.54 0.390448078214559
7.55 0.3890672113607626
7.56 0.38769307114943247
7.57 0.38632561841073365
7.58 0.3849648142159806
7.59 0.3836106198764007
7.6 0.3822629969418961
7.61 0.38092190719980495
7.62 0.3795873126736612
7.63 0.37825917562195266
7.64 0.3769374585368796
7.65 0.375622124143112
7.66 0.3743131353965473
7.67 0.3730104554830672
7.68 0.37171404781729517
7.69 0.37042387604135407
7.7 0.3691399040236249
7.71 0.3678620958575049
7.72 0.3665904158601678
7.73 0.36532482857132414
7.74 0.3640652987519841
7.75 0.36281179138321995
7.76 0.36156427166493116
7.77 0.3603227050146111
7.78 0.3590870570661151
7.79 0.35785729366843094
7.8 0.3566333808844508
7.81 0.35541528498974634
7.82 0.35420297247134497
7.83 0.35299641002651
7.84 0.351795564561522
7.85 0.3506004031904637
7.86 0.3494108932340074
7.87 0.34822700221820596
7.88 0.34704869787328557
7.89 0.3458759481324429
7.9 0.34470872113064455
7.91 0.34354698520343135
7.92 0.3423907088857237
7.93 0.34123986091063274
7.94 0.34009441020827375
7.95 0.33895432590458435
7.96 0.33781957732014484
7.97 0.3366901339690043
7.98 0.3355659655575093
7.99 0.3344470419831372
8.0 0.3333333333333333
8.01 0.33222480988435255
8.02 0.3311214421001047
8.03 0.33002320063100443
8.04 0.32893005631282574
8.05 0.3278419801655601
8.06 0.3267589433922806
8.07 0.32568091737800803
8.08 0.3246078736885842
8.09 0.32353978406954814
8.1 0.32247662044501774
8.11 0.32141835491657594
8.12 0.32036495976216117
8.13 0.31931640743496315
8.14 0.3182726705623241
8.15 0.31723372194464267
8.16 0.3161995345542851
8.17 0.3151700815345001
8.18 0.31414533619833884
8.19 0.3131252720275801
8.2 0.3121098626716605
8.21 0.31109908194660907
8.22 0.31009290383398863
8.23 0.30909130247983946
8.24 0.30809425219363107
8.25 0.30710172744721687
8.26 0.3061137028737955
8.27 0.30513015326687604
8.28 0.30415105357924965
8.29 0.30317637892196553
8.3 0.30220610456331215
8.31 0.30124020592780476
8.32 0.3002786585951763
8.33 0.2993214382993753
8.34 0.29836852092756805
8.35 0.2974198825191465
8.36 0.2964754992647408
8.37 0.2955353475052384
8.38 0.2945994037308068
8.39 0.293667644579923
8.4 0.2927400468384075
8.41 0.2918165874384631
8.42 0.29089724345772094
8.43 0.2899819921182895
8.44 0.28907081078581015
8.45 0.2881636769685182
8.46 0.28726056831630825
8.47 0.28636146261980644
8.48 0.2854663378094455
8.49 0.2845751719545476
8.5 0.28368794326241137
8.51 0.2828046300774036
8.52 0.28192521088005773
8.53 0.28104966428617606
8.54 0.280177969045938
8.55 0.2793101040430137
8.56 0.2784460482936826
8.57 0.2775857809459568
8.58 0.27672928127871066
8.59 0.2758765287008147
8.6 0.27502750275027504
8.61 0.2741821830933782
8.62 0.27334054952384085
8.63 0.272502581961964
8.64 0.27166826045379466
8.65 0.2708375651702891
8.66 0.27001047640648457
8.67 0.26918697458067403
8.68 0.26836704023358665
8.69 0.26755065402757383
8.7 0.2667377967457989
8.71 0.26592844929143356
8.72 0.26512259268685834
8.73 0.26432020807286777
8.74 0.2635212767078814
8.75 0.2627257799671593
8.76 0.26193369934202254
8.77 0.26114501643907884
8.78 0.2603597129794525
8.79 0.25957777079802
8.8 0.25879917184265006
8.81 0.2580238981734488
8.82 0.257251931962009
8.83 0.2564832554906653
8.84 0.2557178511517532
8.85 0.25495570144687363
8.86 0.2541967889861616
8.87 0.2534410964875599
8.88 0.2526886067760976
8.89 0.25193930278317345
8.9 0.25119316754584275
8.91 0.2504501842061105
8.92 0.24971033601022816
8.93 0.2489736063079953
8.94 0.2482399785520659
8.95 0.2475094362972589
8.96 0.24678196319987356
8.97 0.2460575430170099
8.98 0.24533615960589197
8.99 0.24461779692319732
9.0 0.24390243902439024
9.01 0.24319007006305918
9.02 0.2424806742902591
9.03 0.24177423605385767
9.04 0.24107073979788632
9.05 0.2403701700618953
9.06 0.23967251148031327
9.07 0.2389777487818109
9.08 0.23828586678866903
9.09 0.2375968504161509
9.1 0.23691068467187873
9.11 0.2362273546552144
9.12 0.23554684555664435
9.13 0.23486914265716852
9.14 0.2341942313276939
9.15 0.2335220970284313
9.16 0.232852725308297
9.17 0.2321861018043182
9.18 0.2315222122410424
9.19 0.23086104242995104
9.2 0.23020257826887666
9.21 0.22954680574142464
9.22 0.22889371091639882
9.23 0.22824327994723012
9.24 0.22759549907141036
9.25 0.22695035460992907
9.26 0.22630783296671467
9.27 0.225667920628079
9.28 0.22503060416216608
9.29 0.22439587021840454
9.3 0.22376370552696348
9.31 0.2231340968982129
9.32 0.2225070312221866
9.33 0.22188249546805003
9.34 0.22126047668357096
9.35 0.2206409619945943
9.36 0.22002393860452021
9.37 0.21940939379378593
9.38 0.21879731491935128
9.39 0.21818768941418784
9.4 0.21758050478677107
9.41 0.21697574862057667
9.42 0.21637340857357995
9.43 0.21577347237775896
9.44 0.21517592783860087
9.45 0.21458076283461192
9.46 0.2139879653168305
9.47 0.21339752330834444
9.48 0.2128094249038101
9.49 0.21222365826897652
9.5 0.21164021164021163
9.51 0.21105907332403268
9.52 0.21048023169663907
9.53 0.20990367520344916
9.54 0.2093293923586399
9.55 0.2087573717446897
9.56 0.20818760201192496
9.57 0.20762007187806888
9.58 0.20705477012779422
9.59 0.20649168561227882
9.6 0.20593080724876445
9.61 0.20537212402011829
9.62 0.2048156249743981
9.63 0.2042612992244198
9.64 0.20370913594732895
9.65 0.20315912438417388
9.66 0.20261125383948325
9.67 0.2020655136808456
9.68 0.2015218933384923
9.69 0.20098038230488324
9.7 0.2004409701342955
9.71 0.1999036464424147
9.72 0.19936840090592997
9.73 0.19883522326213043
9.74 0.19830410330850565
9.75 0.19777503090234858
9.76 0.19724799596036108
9.77 0.19672298845826228
9.78 0.19619999843040006
9.79 0.19567901596936454
9.8 0.19516003122560496
9.81 0.19464303440704916
9.82 0.1941280157787251
9.83 0.19361496566238584
9.84 0.1931038744361367
9.85 0.19259473253406523
9.86 0.19208753044587362
9.87 0.19158225871651385
9.88 0.19107890794582527
9.89 0.19057746878817503
9.9 0.19007793195210035
9.91 0.18958028819995412
9.92 0.1890845283475525
9.93 0.18859064326382513
9.94 0.18809862387046777
9.95 0.18760846114159752
9.96 0.18712014610341002
9.97 0.18663366983384003
9.98 0.1861490234622229
9.99 0.18566619816895993
10.0 0.18518518518518517
